T(s),Sa(ms.s-2)
0.0,0.34250764525993876
0.1,0.3736447039199332
0.2,0.38921323324993046
0.30000000000000004,0.38921323324993046
0.4,0.38921323324993046
0.5,0.38921323324993046
0.6000000000000001,0.32434436104160874
0.7000000000000001,0.2780094523213788
0.8,0.2432582707812065
0.9,0.21622957402773915
1.0,0.19460661662496523
1.1,0.17691510602269567
1.2000000000000002,0.16217218052080437
1.3,0.1496973974038194
1.4000000000000001,0.1390047261606894
1.5,0.12973774441664346
1.6,0.12162913539060324
1.7000000000000002,0.1144744803676266
1.8,0.10811478701386958
1.9000000000000001,0.10242453506577116
2.0,0.09730330831248261
2.1,0.08825696899091391
2.2,0.08041595728304346
2.3000000000000003,0.07357528038751046
2.4000000000000004,0.06757174188366846
2.5,0.06227411731998887
2.6,0.05757592207839207
2.7,0.0533900182784541
2.8000000000000003,0.04964454505738907
2.9000000000000004,0.046279813703915616
3.0,0.04324591480554781
3.1,0.042813455657492346
3.2,0.042813455657492346
3.3000000000000003,0.042813455657492346
3.4000000000000004,0.042813455657492346
3.5,0.042813455657492346
3.6,0.042813455657492346
3.7,0.042813455657492346
3.8000000000000003,0.042813455657492346
3.9000000000000004,0.042813455657492346
